1.662014840474421717e+01
1.570296253456239732e+01
1.636181661429899492e+01
1.628835277426119887e+01
1.263047841754152323e+01
1.572832174562310037e+01
1.732602720007563946e+01
1.030480109538594746e+01
1.406606220347454794e+01
1.352769946885914898e+01
1.597595932425614507e+01
1.793516902447210271e+01
1.455139297656439723e+01
1.554525278418799950e+01
1.403454409312329432e+01
1.776565408373580723e+01
1.488012966158004069e+01
1.769174479821451840e+01
1.430035605922505226e+01
1.139452423157112193e+01
1.319057627195152982e+01
1.571448029122894496e+01
1.318307291093696598e+01
1.362868744178487290e+01
1.221663178073294631e+01
1.200759233725316832e+01
1.152738176681262772e+01
1.390700322438901360e+01
1.387404343793607886e+01
1.610020622532093171e+01
1.255018991676080908e+01
1.603571565942573329e+01
1.037659610007115951e+01
1.525678243940477508e+01
1.371279200467824033e+01
1.622914400234025578e+01
1.377997721786711693e+01
1.528168818868623546e+01
1.382230272579251285e+01
1.270395026273835271e+01
1.801468478363367609e+01
1.804057734585649797e+01
1.434204982337077006e+01
1.281042635861953372e+01
9.800000000000000711e+00
1.448779942855844816e+01
1.579836390818308445e+01
1.409641082726855643e+01
1.462299496987595404e+01
1.609904356022576621e+01
1.740793749771164300e+01
9.800000000000000711e+00
1.362455259298215182e+01
1.622733151995075929e+01
1.547232585175776798e+01
1.245343372780556024e+01
1.098986932124040017e+01
1.485469959621399028e+01
1.039314913062726475e+01
1.276750127715066974e+01
1.254842321906388669e+01
1.413184794376165598e+01
1.299077666212295945e+01
1.113920907122408899e+01
1.492358210056130829e+01
1.301202393990577733e+01
1.296262847264413942e+01
1.717767054182248287e+01
1.063302866676870551e+01
1.468399814123566038e+01
1.161625287131081841e+01
1.158866343444298153e+01
1.285084326535528731e+01
1.357454758628299452e+01
1.798527999807900812e+01
1.377057749728625069e+01
1.422340715730069860e+01
1.397555026610629092e+01
1.368856437523041514e+01
1.534159217277509768e+01
1.398694468769843802e+01
1.215739436328986045e+01
1.373776952721912004e+01
1.170419059257689653e+01
1.448744988432716951e+01
1.499289487813305577e+01
1.414933832669659708e+01
1.271348655194055333e+01
1.362141340304929393e+01
1.502974068775408512e+01
1.517162047522212909e+01
1.346343388357207793e+01
1.492715411874019438e+01
1.388424277238124915e+01
1.326439685221655473e+01
1.457704405078633769e+01
1.638211866240990844e+01
1.312359872988194631e+01
1.498297627086440187e+01
1.252532418907526335e+01
1.327991374431141658e+01
1.363926552785398805e+01
1.182971688975517743e+01
1.264091519161365795e+01
1.053739268103927706e+01
1.536805332071294750e+01
1.494308894439997459e+01
1.455105794274062347e+01
1.106111457645863716e+01
1.235356674726469173e+01
1.329789973640462186e+01
1.422642037631577949e+01
1.420789526370121791e+01
1.583538769633342191e+01
1.032557047084012325e+01
1.333209704566245080e+01
1.140181931269406945e+01
1.286524970150189873e+01
1.214492475132491656e+01
1.338974681100621744e+01
1.834571071509971318e+01
1.412774830988448649e+01
1.348841828045722657e+01
1.138194755487956655e+01
1.594602342121357452e+01
1.364377638180714136e+01
1.646912848531401963e+01
9.800000000000000711e+00
1.306376166516964688e+01
1.425469304589884700e+01
1.475305777798663698e+01
1.221593000915282445e+01
1.481053159850337053e+01
1.262556176659342633e+01
1.514190402442891958e+01
1.486750442113945958e+01
1.652982243091622294e+01
1.477574269166323084e+01
9.800000000000000711e+00
1.529436442443962108e+01
1.084594684338167170e+01
1.552061041979724010e+01
1.505473181904904578e+01
1.437088282918539051e+01
1.231529878480233542e+01
1.686239824476830762e+01
1.416335940609771704e+01
1.362106770503291209e+01
1.251251547095157690e+01
1.427605401795606888e+01
1.596787927639076798e+01
1.568194436616717269e+01
1.367814207446428654e+01
1.401393259286453841e+01
1.591920478074527878e+01
1.399833445972380019e+01
1.587249275951979399e+01
1.525975008221307760e+01
1.317453369205733438e+01
1.059361577920238062e+01
1.196624462662962429e+01
1.162522494655161331e+01
1.346856418613430506e+01
1.183563497472599302e+01
1.517671323559052965e+01
1.863057107269055024e+01
1.197332504232124251e+01
1.322890939835133217e+01
1.092772784150055010e+01
9.800000000000000711e+00
1.752692282119251743e+01
1.488075439024136770e+01
1.456587208778931419e+01
1.563543298366811207e+01
1.545673962349122732e+01
1.430180933338886540e+01
1.226092576764003184e+01
1.202389410765061939e+01
1.322904989015424704e+01
1.574390999744089470e+01
1.627801391761953909e+01
9.800000000000000711e+00
1.438532197755856501e+01
1.520071731076297183e+01
1.685796264190362237e+01
1.170490264797814284e+01
1.325758452597803050e+01
1.535862848023551486e+01
1.536929721045215835e+01
1.288081117111516782e+01
1.079391767632562527e+01
1.149006272134038475e+01
1.684693931662556921e+01
1.621209630634254495e+01
1.449617687765091389e+01
1.275357883180952712e+01
1.547083256283727337e+01
1.384727985515009685e+01
1.218925000305882200e+01
1.365378809590228215e+01
1.515065694641826433e+01
1.518941516535797831e+01
1.772531734614338816e+01
1.646841104915873544e+01
1.582246204145259583e+01
1.124672898840737467e+01
1.393747854917963203e+01
1.375182861644713306e+01
1.483986188425893360e+01
1.164659461514983363e+01
1.563153000519730007e+01
1.345978811511669981e+01
1.786508925758595367e+01
1.325439529157348773e+01
1.637582013395318370e+01
1.519220274032801576e+01
1.435483043212890308e+01
1.197762126823585049e+01
1.784257941912753509e+01
1.188620457189551161e+01
1.502395519864412066e+01
1.120425585742390062e+01
1.440393238427487610e+01
1.597181126876509438e+01
1.458794712536121096e+01
1.224713942193938365e+01
1.572742316472879942e+01
1.526202815463885187e+01
1.695164962075656589e+01
1.250073510895073525e+01
1.242612134837234450e+01
1.207898062201533662e+01
1.419980858432217907e+01
1.372847394153560963e+01
1.404976632279067417e+01
1.261877370286449640e+01
1.391918015746747450e+01
1.506119764415533169e+01
1.364541737797411436e+01
1.203437613270962281e+01
1.557962865636350358e+01
1.252377529281886659e+01
1.240055073613202730e+01
1.550031343115350779e+01
1.851734155855885433e+01
1.516791783496190504e+01
1.220185286414235648e+01
1.535845640474539309e+01
1.516564756311619178e+01
1.601208008923677184e+01
1.451490993239300842e+01
1.957881983542579718e+01
1.394075534734183464e+01
1.040861758590920161e+01
1.308711595360816204e+01
1.594963315641712853e+01
1.555326058016281721e+01
1.501172617771795181e+01
1.577547354198029872e+01
1.263078831325602636e+01
1.380945206597247576e+01
1.160981652981679879e+01
1.463511007735420755e+01
1.418986214677556390e+01
1.499053838241870196e+01
1.404154135504357903e+01
1.279504984019981428e+01
1.353851205689700521e+01
1.702995460991162346e+01
1.218097458709715930e+01
1.116122561658437284e+01
1.399727952744003545e+01
1.612836889271664376e+01
1.236736803252842698e+01
1.399230122967102119e+01
1.668027545800857681e+01
1.498111406011781810e+01
1.257826984518356994e+01
1.530889247664182484e+01
1.303750220996727016e+01
1.374601601257776728e+01
1.504411524929245303e+01
1.216628193150658177e+01
1.521524027867302031e+01
1.423641629866093616e+01
1.357165321972054173e+01
1.477056794882418878e+01
1.585311515826184348e+01
1.383943858936925686e+01
1.709595886463241854e+01
1.356739684131847490e+01
1.656835805161974307e+01
1.330422993114165209e+01
1.263801148635736027e+01
1.657548529365685397e+01
1.270026911280179505e+01
1.193672012513353131e+01
1.347776634839619447e+01
1.628226409693347065e+01
1.439791910701201694e+01
1.476485085155919030e+01
1.296822177351954153e+01
1.180845203166665058e+01
1.414378559808109870e+01
1.858623557733677245e+01
1.450623440641663109e+01
1.687191947964886296e+01
1.661072708500200434e+01
1.358599185651480745e+01
1.190336331895881727e+01
1.388063614932235090e+01
1.561120349369867100e+01
1.599502866851015703e+01
1.151665482546866315e+01
1.289738108822324492e+01
1.253040425307816896e+01
1.403081918258516048e+01
1.538369381055495744e+01
1.482424322401961270e+01
1.672127282258044190e+01
1.328997019416877201e+01
1.476854529103355240e+01
1.382281411624775380e+01
1.720472365755742317e+01
1.614039822488633646e+01
1.091299775779910064e+01
1.379140944443676631e+01
1.389593901065181569e+01
1.396841511716647588e+01
1.505341998605187293e+01
1.144798720197608688e+01
1.492137703040797625e+01
1.286691214695176910e+01
1.746136679680446946e+01
1.473448621523172797e+01
1.568456246988928093e+01
1.107222008980286532e+01
9.800000000000000711e+00
1.431243415240792238e+01
1.367942112790854203e+01
1.340286334009325309e+01
1.494894971606231060e+01
1.219383206134701680e+01
1.306548885402447269e+01
1.484908367662174911e+01
1.511206432895763108e+01
1.141179052732982591e+01
1.409298032132987721e+01
1.625952963102181315e+01
1.385466120854009375e+01
1.306308291509246011e+01
1.743353472202460708e+01
1.535465722290706125e+01
1.406474037774577823e+01
1.444208868984929950e+01
1.122868215301736328e+01
9.800000000000000711e+00
1.206556981573196197e+01
1.494950480559015027e+01
1.209267779267697307e+01
1.487024084613912223e+01
1.319247409282677452e+01
1.602733314159896594e+01
1.748541443216830515e+01
1.079600143267992607e+01
1.423381864254386109e+01
1.295068068539756290e+01
1.575934011049778150e+01
1.583088022408002260e+01
1.514313793039560707e+01
1.105386692506331947e+01
1.662049085124071368e+01
1.350499174435578631e+01
1.432042241226754875e+01
1.251964074910208602e+01
1.074476010491992284e+01
1.437524358165894967e+01
1.268581265728099794e+01
9.876679050465954290e+00
1.515800537256260050e+01
1.344174991746426429e+01
1.397638690748594570e+01
1.560416319955918318e+01
1.515400386432692592e+01
1.418530438224875567e+01
1.612865880860191226e+01
1.563070824503694567e+01
1.431948747687557244e+01
1.459547144144622166e+01
1.823988362004944008e+01
1.726733480002479482e+01
1.177312250451486264e+01
1.210909650960730310e+01
1.412910739543494998e+01
1.393954172218423082e+01
1.564112418285003869e+01
1.707893141805780957e+01
1.671963022468638371e+01
1.850007942452432630e+01
1.421894009200833331e+01
1.246324486227278427e+01
1.335288201163469601e+01
1.383279350400930063e+01
1.362217831101138898e+01
1.575600789071012819e+01
1.510185418505766641e+01
1.236939197243159327e+01
1.164547591744702792e+01
1.495192452110210724e+01
1.568243683595757432e+01
1.265500356148631944e+01
1.206581979400114157e+01
1.534308183373389944e+01
1.163808957784010545e+01
1.546120139412740713e+01
1.334898555205717052e+01
1.755018506788639954e+01
1.201146620900374806e+01
1.617050309212372383e+01
1.249698600466200205e+01
1.403505901865723793e+01
1.400674566428496348e+01
1.392078380574455387e+01
9.800000000000000711e+00
1.258069186944637607e+01
1.370428348274363195e+01
1.410671974967550213e+01
1.354700365407204465e+01
1.245015276757821709e+01
1.529322222277456333e+01
1.473327859981998245e+01
1.767293730280247743e+01
1.314900752457101873e+01
1.305656828763364707e+01
1.755691640728124980e+01
1.127812368634507578e+01
1.266601457565682054e+01
1.264473925672637478e+01
1.281026748891697586e+01
1.781002007911158103e+01
1.509430304464150474e+01
1.019228091525551960e+01
1.479680899077889755e+01
1.424605034784468316e+01
1.440650235149996838e+01
1.269015675991167846e+01
1.362054950368172257e+01
1.363516214997683207e+01
1.707164942889670556e+01
1.584784314841555641e+01
1.543252484339905450e+01
1.411236444214162411e+01
1.170948590440870696e+01
1.179326969662645652e+01
1.317971296845170315e+01
1.336062421935580247e+01
1.603292529206846240e+01
1.794921052423088170e+01
1.368283551721558844e+01
1.439773304672882226e+01
1.699541376463665188e+01
1.220285659909130871e+01
1.393521807077390662e+01
1.361902250940297421e+01
1.200670491819152730e+01
1.232691107418104970e+01
1.165632550641299403e+01
1.188933652623303239e+01
1.405066963763675503e+01
1.319915845415851230e+01
1.489286558904927027e+01
1.513659411749077321e+01
1.217924089568173329e+01
1.266964867274902673e+01
1.311283711950512298e+01
1.250844892752424187e+01
1.440288829415262661e+01
1.158414640800437390e+01
1.556998557078461332e+01
1.515874250926613698e+01
1.503029663013376727e+01
1.418201677331188826e+01
1.185694447394859985e+01
1.693889967976907585e+01
1.549516607973495397e+01
1.331117989376699029e+01
1.684805971999745111e+01
1.128230916750877810e+01
1.486055690170045551e+01
1.510149945969132190e+01
1.158078904874036397e+01
1.231994432679302776e+01
1.308503859656872947e+01
1.560444634874821546e+01
1.370133470292701894e+01
1.701011749950037100e+01
1.521803119399227278e+01
1.926193947342392221e+01
1.588369409906868768e+01
1.607496279989130272e+01
