1.909880909791962011e+01 1.814137720467332997e+02
2.028392569018524938e+01 1.641136623458926636e+02
2.083333519780706666e+01 1.945349111157756283e+02
3.034811361316936740e+01 1.699794841346616181e+02
2.170865415017734534e+01 2.007366864115946612e+02
3.022625642850330863e+01 1.770885929088271098e+02
3.027775569183543780e+01 1.673935461610599589e+02
2.630014390178729400e+01 1.760593907853088922e+02
1.723366598848135567e+01 1.679144199547172036e+02
2.322339503301093799e+01 1.751692875893626535e+02
2.336257955443491952e+01 1.793389147738158158e+02
3.020485703651062437e+01 1.859092432348720081e+02
2.370839187249888980e+01 1.742980575212584142e+02
2.132892221261037236e+01 1.714475222667491892e+02
2.494763876704982763e+01 1.674792787167219785e+02
3.312614538028941524e+01 1.767408619277789512e+02
2.347249503738504117e+01 1.766540942371646281e+02
3.038823949879775910e+01 1.785360887828977923e+02
1.556569532631697328e+01 1.878969757553086595e+02
2.951663901729753192e+01 1.922465611975497382e+02
1.880481776841022068e+01 1.758014047208328066e+02
2.481184640365217220e+01 1.958542921686119769e+02
2.354325203803838562e+01 1.844373686833040722e+02
2.540361798577439956e+01 1.750521443575343312e+02
2.731613674381739898e+01 1.757299744933720547e+02
2.511676485538966830e+01 1.748965120067915393e+02
2.671220752739781190e+01 1.770297374584446572e+02
3.534740125585572201e+01 1.690243394805301307e+02
2.913388722950105603e+01 1.827179319518952241e+02
2.404699913908467224e+01 1.881573223161589112e+02
3.847573913328769635e+01 1.788187434679855130e+02
2.203467111398310863e+01 1.770092360526458322e+02
3.274808523447927655e+01 1.846482623141647537e+02
3.190241372784664264e+01 1.707890478132034957e+02
3.019116239284361924e+01 1.666200433417191675e+02
2.655678781083556217e+01 1.801682924721897336e+02
2.023777229665679300e+01 1.750897725645359913e+02
2.989505083223118120e+01 1.761776743995542063e+02
2.070367056616343504e+01 1.779546062310783441e+02
2.670375405599104468e+01 1.790553045002100703e+02
1.873394696393665981e+01 1.695765291133679398e+02
2.881413405517401571e+01 1.860961595130690398e+02
2.366120039711987033e+01 1.802393698921756595e+02
2.705338672972537850e+01 1.821544267022590589e+02
1.725872060683885678e+01 1.853225879633762645e+02
2.799092922214999035e+01 1.730668432476868759e+02
2.329446850399440905e+01 1.880465379824698289e+02
2.611053038564383399e+01 1.701052665939494943e+02
2.187208894798327208e+01 1.820319217465432189e+02
2.297823145749523377e+01 1.854773472278235431e+02
2.114160488310896113e+01 1.776218686787840682e+02
2.245261979760524440e+01 1.765354066852104893e+02
2.614575391429292139e+01 1.673676253647691112e+02
3.004313276428710822e+01 1.780635295339814377e+02
2.788334425447344245e+01 1.897482780353481360e+02
2.004020363885641487e+01 1.803912787003802123e+02
1.636996193803322441e+01 1.810492217060244116e+02
3.318165374556822655e+01 1.906867407193797419e+02
2.674141187475002113e+01 1.773296093383107177e+02
3.097795525081981438e+01 1.757880076211639562e+02
3.470925223981564756e+01 1.836538388576169893e+02
2.111724776841129625e+01 1.768671787148775252e+02
1.262046405354053213e+01 1.817672191975801752e+02
3.052792973103046847e+01 1.601711403761310066e+02
3.173873069796084678e+01 1.792149189993186837e+02
3.027439739956524889e+01 1.874053934948607605e+02
1.988297186160443886e+01 1.698237444634029032e+02
1.655146929444482851e+01 1.739501882926394387e+02
2.844300824110602832e+01 1.791317074967376470e+02
3.231570869376406563e+01 1.756230908496821428e+02
3.043552379627104898e+01 1.760523524526373933e+02
1.862308251384522606e+01 1.812559735393909364e+02
2.356261866071931266e+01 1.955153669439086173e+02
2.921993422938292895e+01 1.888484700480688048e+02
3.928761237795811212e+01 1.690059443583545828e+02
3.103184583815559350e+01 1.809647190254418661e+02
3.387991271345396882e+01 1.786452465834076975e+02
1.798738612579070306e+01 1.738568082945690207e+02
2.743235303474377673e+01 1.844423623395875609e+02
2.927531230654669869e+01 1.929182761362603458e+02
2.638604545808058077e+01 1.697819732898020675e+02
1.502638199596924551e+01 1.745462601960663562e+02
2.986848224794732332e+01 1.597587446497314261e+02
2.316369565620032489e+01 1.750958337315931601e+02
3.512096802138715645e+01 1.838351663413586721e+02
2.323836408293471223e+01 1.770791995878071532e+02
3.327730601794718268e+01 1.623458562559534641e+02
2.461654733378946602e+01 1.751991199486428172e+02
2.698450433624229206e+01 1.758796431752391243e+02
3.539361868377186227e+01 1.939140842468971186e+02
2.097553481801711328e+01 1.905193654563811947e+02
3.292652687688082835e+01 1.843387510294747926e+02
2.636392853425746097e+01 1.769202783929812313e+02
2.334606656222814536e+01 1.799855202838415664e+02
2.024794466523031033e+01 1.793515047806210987e+02
2.038473446442286274e+01 1.838824660455653373e+02
3.120633047233134505e+01 1.747629785122513510e+02
2.943462558073942503e+01 1.752249131858321789e+02
3.030138812275473015e+01 1.657549998072570645e+02
3.267748463901092038e+01 1.796285427999595470e+02
2.349340088724031972e+01 1.759219508611084848e+02
2.908041025599728613e+01 1.803035209458524832e+02
2.899258704274980758e+01 1.750863053645209106e+02
1.990544063730425606e+01 1.855060607485832236e+02
2.226063924057156385e+01 1.978788372298084823e+02
2.379365257587061677e+01 1.873714447117446866e+02
3.904168160561408740e+01 1.698435481423111924e+02
2.364758297942650955e+01 1.781571761294844123e+02
2.758362566763181789e+01 1.805630005881420743e+02
3.167380472678824788e+01 1.809920926588235091e+02
1.893933598591929268e+01 1.708946652380171827e+02
3.313707393383648281e+01 1.798917000792650356e+02
2.915847098745250321e+01 1.762413068545071155e+02
2.653288049067869281e+01 1.740512073085337477e+02
3.325214691534033307e+01 1.769868695918650587e+02
3.223449953536344026e+01 1.868392805990996521e+02
3.020306237741624145e+01 1.723629598257961106e+02
1.687563786621832662e+01 1.872001599330938006e+02
2.496563595050086803e+01 1.817970293581590795e+02
3.199518509157424262e+01 1.675498099070525768e+02
3.402306511269689082e+01 1.823291913991035642e+02
1.805630029402530567e+01 1.803981915928643218e+02
2.583538558871738999e+01 1.744956261062878866e+02
2.898203175383890340e+01 1.835601324914715917e+02
2.854882126916299967e+01 1.737366970107033524e+02
2.856976334971247766e+01 1.746293609848883648e+02
2.437681459560557329e+01 1.618498561341116329e+02
1.638260076244949914e+01 1.694922282226487766e+02
1.394049629742886687e+01 1.800455433438521027e+02
3.999470355131825272e+01 1.784730637580453561e+02
2.938116469610928405e+01 1.835590096914932587e+02
1.948085720670014354e+01 1.701897541071441537e+02
2.217140797683990527e+01 1.744242012563581170e+02
3.443059568208627041e+01 1.772069162182096704e+02
3.201313229993232312e+01 1.916826033826069420e+02
2.546530382856492736e+01 1.706740540720814749e+02
2.800130444230669369e+01 1.652015695404746509e+02
1.488542762669964858e+01 1.931184987001066418e+02
3.238221076544088106e+01 1.940891994027899159e+02
3.301571992659039978e+01 1.766187254145236523e+02
1.805435289611089544e+01 1.807442775252821150e+02
2.942543304435466212e+01 1.807823778886905757e+02
1.179947646746707690e+01 1.779282519217113077e+02
2.725512618237449658e+01 1.891889004170056694e+02
2.966217067788942785e+01 1.591952418395120787e+02
3.065523878509965883e+01 1.833193698456545064e+02
2.900237868080920123e+01 1.700864533919284725e+02
2.929325416139737115e+01 1.757774837072551009e+02
1.965846970611845634e+01 1.853335848923914000e+02
1.962089275677179856e+01 1.846283421910318054e+02
3.011551056729685882e+01 1.814635811206663050e+02
3.002267298294895426e+01 1.842201625377707046e+02
1.520351955253926768e+01 1.833425988714666630e+02
2.537289568495494763e+01 1.751613308639746549e+02
2.610239644748987686e+01 1.770099713269226243e+02
3.181634470843278351e+01 1.843484342677478764e+02
1.609522150347001457e+01 1.752407716432932432e+02
1.830105965667766199e+01 1.675788467363910854e+02
1.815638770514194533e+01 1.771512972214165131e+02
2.166389618202104117e+01 1.964283996507471670e+02
3.325787457174016026e+01 1.740010580313637263e+02
3.278677745763249618e+01 1.897422621695136229e+02
2.914967527281527992e+01 1.772060935033339319e+02
2.392075322474354948e+01 1.730431231929969442e+02
1.702094475491210090e+01 1.894389762143443363e+02
1.000000000000000000e+01 1.710486318830268146e+02
2.184215886376866322e+01 1.891047491875012270e+02
1.252300446031566139e+01 1.637152717945558607e+02
2.216662952844719925e+01 1.697989834860915437e+02
2.103400571686500342e+01 1.836608219514734515e+02
3.065880782467723620e+01 1.901465017725662392e+02
1.111045336457973676e+01 1.841534025786159248e+02
2.413116064995358201e+01 1.896715846557065390e+02
2.851092553746439506e+01 1.784151300717047377e+02
3.448346049888557729e+01 1.786845946138219858e+02
3.482748804716151625e+01 1.628196135234595658e+02
2.513093725690657720e+01 1.681854564168758657e+02
1.633581198228549169e+01 1.795484164471459110e+02
1.871031702947999520e+01 1.792686566854831938e+02
2.038500737321115608e+01 1.725742722925514556e+02
2.698106845468762671e+01 1.703407794220982510e+02
2.691381156794372487e+01 1.854080166191663750e+02
2.194970773678738496e+01 1.748826634017356128e+02
2.765843925494151634e+01 1.697768166952323270e+02
2.914370478937012621e+01 1.855886804661637939e+02
2.768471205332382468e+01 1.667536006312636232e+02
2.012260067833504351e+01 1.886856399082344353e+02
1.944272103227652337e+01 1.680385244035446135e+02
3.101179747321662106e+01 1.675386549286733100e+02
2.848790280715855872e+01 1.809214587159506777e+02
2.564439764584334824e+01 1.903074466021063529e+02
3.514600365467095600e+01 1.810710501906454795e+02
1.938543506744552047e+01 1.713863073104347166e+02
2.542213114268173868e+01 1.803130637792338291e+02
2.193516574547161113e+01 1.936453417663855134e+02
2.558367597744599919e+01 1.950477668157962228e+02
2.737134640834192822e+01 1.843103737776061450e+02
2.129654985671624701e+01 1.861053087908777570e+02
2.620578811901239646e+01 1.647863612588794524e+02
2.183581341980107027e+01 1.592542727157789955e+02
3.158522996006599115e+01 1.756858069475296418e+02
1.544502787572499614e+01 1.723224209157584426e+02
2.814128802640249916e+01 1.611671457407906871e+02
1.857562138185614486e+01 1.686962950525536939e+02
2.504068104739249989e+01 1.778731343262037967e+02
3.383286984654931473e+01 1.677416170976868841e+02
3.468796566451090513e+01 1.694529681852697536e+02
2.378278479014018387e+01 1.707288661498049578e+02
1.908085108402284291e+01 1.879736135780771917e+02
4.094047332942572837e+01 1.872272079140265930e+02
2.271195781511458733e+01 1.915531219466651578e+02
2.048170098122811922e+01 1.699954661988538476e+02
4.070225175093743530e+01 1.758272086381257395e+02
3.246215796189981972e+01 1.590491030901052625e+02
2.805360315696760054e+01 1.857801025624130489e+02
1.552174333657420036e+01 1.831192043755647205e+02
2.468183392748022698e+01 1.865423215728094704e+02
2.572092344996612212e+01 1.920515404704408127e+02
1.517912916243054866e+01 1.728463225055027692e+02
3.083733871650597891e+01 1.643381337291388888e+02
1.623318595481761406e+01 1.869813627859619771e+02
2.559755881482710649e+01 1.836318185401663357e+02
2.591471959002741698e+01 1.976068433400439801e+02
1.935462458716980905e+01 1.797334228409583261e+02
2.678654398515504553e+01 1.654319443005347523e+02
4.129390824513590985e+01 1.794475973367029269e+02
1.777156666570463273e+01 1.849962673189394593e+02
1.654741693324982776e+01 1.866692138203047193e+02
2.032470363113927192e+01 1.757123785548104138e+02
3.223771871929943700e+01 1.817038642498196452e+02
2.822423863934279709e+01 1.633735898134121953e+02
2.665356790954119504e+01 1.853480201418467743e+02
3.125670249084140195e+01 1.787586433445131320e+02
3.208698053205813494e+01 1.794623216692914127e+02
4.378146506610681143e+01 1.783709439205348701e+02
1.942520467495811687e+01 1.950911691665894523e+02
2.377663958025728874e+01 1.746363565322802742e+02
3.718490189650167110e+01 1.842233285628339559e+02
1.771778493084449480e+01 1.819103516253767907e+02
2.279608092894176252e+01 1.781595226787917170e+02
1.938854808509110228e+01 1.673062356192336892e+02
2.604414398527820040e+01 1.619537744962120485e+02
2.062547794025015691e+01 1.671314749709580951e+02
1.709347587574003313e+01 1.720535084642010872e+02
2.247654487369734966e+01 1.805360359608936847e+02
3.489670833766169267e+01 1.882404008753853759e+02
2.551561476794870487e+01 1.801424114722863408e+02
2.573921806262799805e+01 1.867426697948243373e+02
2.204010681406694161e+01 1.864038683880443728e+02
1.885493059708288754e+01 1.976080086341433457e+02
2.461956930458848092e+01 1.647015290010226920e+02
3.755382845057320651e+01 1.647328978816113931e+02
2.355458917584262579e+01 1.713029903964111043e+02
2.097736993356635438e+01 1.825453624555166243e+02
3.475584484864751289e+01 1.748902366703523512e+02
2.160606887319872627e+01 1.768748841655653905e+02
2.340087985978808760e+01 1.753407061773401097e+02
1.564527087188013432e+01 1.819213885312319690e+02
1.817991978721966362e+01 1.800512277414066489e+02
3.006990493069869785e+01 1.679039718223231716e+02
3.574636955229620838e+01 1.665747491728336058e+02
3.317891085390026262e+01 1.772849804401755591e+02
2.826001756891909267e+01 1.838188913808737084e+02
3.120640392064851198e+01 1.677992984825732492e+02
2.061937602525356539e+01 1.763640196097879880e+02
2.962514395548397772e+01 1.815043368589580268e+02
2.100182706117890064e+01 1.748715447121614659e+02
1.802932336616434128e+01 2.069095375034443975e+02
2.034089956654797149e+01 1.577161696187328630e+02
3.520651395306840215e+01 1.815215974720024690e+02
3.381378764065602383e+01 1.811701216657911857e+02
2.229892832456944518e+01 1.828071497542277655e+02
2.340737935326167474e+01 1.779077972894982338e+02
1.440635385566802817e+01 1.686399230379736878e+02
2.946868894738495470e+01 1.724008458121392664e+02
1.655165477884282410e+01 1.714998037491200193e+02
2.490717761254910201e+01 1.802197061217476346e+02
1.856249586982238498e+01 1.743578946320453440e+02
3.130937912201544293e+01 1.726404531892230239e+02
1.474602326065042845e+01 1.664935809328960374e+02
2.828913680262002472e+01 1.886658044929855578e+02
2.060819220531232077e+01 1.868499441553575764e+02
2.656011854699083230e+01 1.842709649656299575e+02
2.528473449065033307e+01 1.862460763156103951e+02
2.191773001687312927e+01 1.945758582706816640e+02
1.622756514611049283e+01 1.822536166221533733e+02
2.553522172640003163e+01 1.854533718557542272e+02
3.058470476963432105e+01 1.846676081821317723e+02
2.060898608180384173e+01 1.859739117270900977e+02
2.061334319626590883e+01 1.790484680220092457e+02
2.481220244959204990e+01 1.797156083746234856e+02
2.154500235535767416e+01 1.716774698893657387e+02
1.428624132744131003e+01 1.798046171124043724e+02
1.751743443085868179e+01 1.763665409263816741e+02
3.510837081170731722e+01 2.000578557174035836e+02
2.604055215747748520e+01 1.857505635879510351e+02
2.135605737576607055e+01 1.652623919014578462e+02
2.193381963570349313e+01 1.704060984873825646e+02
2.358334934729161603e+01 1.889828506428539754e+02
2.372590255062957354e+01 1.565905264667205188e+02
2.161132019796936277e+01 1.702384194850326935e+02
1.677675791546678141e+01 1.765548150010726260e+02
2.169705852688472092e+01 1.605293248996406987e+02
3.160172238251534438e+01 1.657439316096023276e+02
2.046477334136522686e+01 1.726171957711488290e+02
2.885278180639789269e+01 1.881408219333885086e+02
2.266554299229732194e+01 1.897071643922153612e+02
3.653701893479771456e+01 1.764941089028797023e+02
2.292484120719958085e+01 1.635191730389993836e+02
2.795721341256574277e+01 1.885014487811530728e+02
3.172794903120230003e+01 1.866375977229516536e+02
3.069031969621615019e+01 2.005751163676646343e+02
2.329944716591911913e+01 1.750819923390619408e+02
2.326255974488077527e+01 1.745845778386516258e+02
3.157840556809999910e+01 1.603568027824052251e+02
2.869680327331276004e+01 1.844726108506905007e+02
2.153666627966380887e+01 1.867097452852446793e+02
2.504992409225963002e+01 1.592275922857768649e+02
2.607383593078399286e+01 1.786678283076042533e+02
3.889294603867310940e+01 1.781113833246906779e+02
2.459267901042810678e+01 1.775257697567834043e+02
1.000000000000000000e+01 1.682383533261819366e+02
2.286615925047720310e+01 1.858603096162808583e+02
2.999782788143506096e+01 1.882315972500170744e+02
2.928600237359599134e+01 1.826095616882547006e+02
2.718035942135669458e+01 1.752938949073493404e+02
2.103361020716740626e+01 1.712819930308268113e+02
2.542722749150518169e+01 1.905945588973887084e+02
1.580768435297730434e+01 1.809338382332748267e+02
2.498334611725701393e+01 1.971068082016495566e+02
2.163832955969064287e+01 1.656181755025613143e+02
2.013924232133761194e+01 1.886906342948381905e+02
3.129818362034868784e+01 1.671062366341828636e+02
2.398789904922803373e+01 1.736134160890141231e+02
1.841081448649392982e+01 1.645956284236982867e+02
3.773568719135431593e+01 1.831018884583460249e+02
1.919009237758482556e+01 1.870890507300439936e+02
2.995695546866215153e+01 1.792502405979185767e+02
2.992396408393046769e+01 1.697279884657116327e+02
1.884114843529946981e+01 1.653825109726903122e+02
1.693380619418292810e+01 1.719400341012122908e+02
2.655734885777883392e+01 1.833556546572635568e+02
2.944846666299165250e+01 1.721717216560046211e+02
3.037995028042531942e+01 1.792204812135592249e+02
1.802534201197050123e+01 1.796783092905246804e+02
3.465393828876804605e+01 1.949491331580963163e+02
1.563233100544537457e+01 1.868569077200830577e+02
3.232907931578255756e+01 1.916512660238261105e+02
2.238270460498586445e+01 1.751762456732109285e+02
2.405068360020683116e+01 1.757650809069864124e+02
2.371876967320016405e+01 1.739702070241205263e+02
2.402844120500057201e+01 1.734290632423253840e+02
3.101571538811526807e+01 1.771821913754758953e+02
1.000000000000000000e+01 1.785991189676234114e+02
1.748817871135388557e+01 1.756353741745868149e+02
2.466221382309585053e+01 1.720651757964455442e+02
2.682842789293678720e+01 1.773879445930897703e+02
2.581543412165406082e+01 1.676172439138596815e+02
3.067346477664810678e+01 1.704373725776169124e+02
1.739725730353062971e+01 1.720396892391764254e+02
3.255363210683417208e+01 1.740043778035362436e+02
1.835896725148397479e+01 1.793198099281046041e+02
2.088671400221100427e+01 1.772226678018496955e+02
2.421551785926165223e+01 1.723161020668481740e+02
2.518276346234031848e+01 1.799627907666732085e+02
4.021971486240003912e+01 1.864666818197133580e+02
1.046817261929201948e+01 1.766428624478645872e+02
2.505802082266701447e+01 1.889932280371247373e+02
3.157301752435014208e+01 1.696561349100320228e+02
1.722559114613206077e+01 1.722191410142499137e+02
2.715982808614382904e+01 1.640179498373525178e+02
1.264648100867105818e+01 1.762570468957341916e+02
3.477995429182558951e+01 1.814233433425953876e+02
3.507949034389074683e+01 1.732501986087337116e+02
1.387108585547858297e+01 1.827163172517950329e+02
2.655574503074603498e+01 1.830006787258339500e+02
2.450584667083878898e+01 1.806599504161466712e+02
3.990414069882739057e+01 1.794861488174917667e+02
2.173801754119010354e+01 2.033465064782938612e+02
1.786146460327929475e+01 1.788909960366368921e+02
2.310919918019362385e+01 1.718208588746152259e+02
2.645667804614022600e+01 1.814474118663052309e+02
1.616986255898651592e+01 1.696949193836027519e+02
1.939484297756282061e+01 1.859558170185780170e+02
3.002450487570492044e+01 1.859801115657561468e+02
2.604864892568455303e+01 1.696878332640174563e+02
2.518556501672112446e+01 1.879893989274576711e+02
3.227362162951965274e+01 1.705173789959671637e+02
1.678614933128987019e+01 1.790964299520208556e+02
2.361603489132765432e+01 1.711590214799394971e+02
2.883193635229326190e+01 1.658886845789945141e+02
1.417092126653898987e+01 1.844614336161415054e+02
1.735472399507176888e+01 1.945089308908944190e+02
2.382119719938214430e+01 1.683263309926672662e+02
2.663297819662560428e+01 1.753192052095812414e+02
2.972729950142156241e+01 1.595975994745351443e+02
2.680256907384317699e+01 1.805803412564226846e+02
1.489079827363106467e+01 1.560469397844267121e+02
3.558983850295969376e+01 1.863889232620822725e+02
2.189979325218076411e+01 1.621652143301490696e+02
1.709573408443481313e+01 1.959216355326301766e+02
2.867486088979274683e+01 1.889315430579014219e+02
3.456849034137117371e+01 1.813346281390899719e+02
2.122525952046032316e+01 1.834978209568654677e+02
2.957036711439450016e+01 1.811993545444368863e+02
1.961806133200358460e+01 1.764394224146641363e+02
2.540989596425127672e+01 1.799349515273811164e+02
1.942925648935586125e+01 1.839054527851213550e+02
2.857168536629315980e+01 1.601758613689762569e+02
2.924892528092572519e+01 1.894602476091805272e+02
3.310433738656533365e+01 1.753003356900424023e+02
2.965192366623257314e+01 1.868564927619104878e+02
2.545767857227179931e+01 1.751520596857473606e+02
3.510435393398873316e+01 1.790047416594314029e+02
2.738210950448777226e+01 1.777674659247938962e+02
2.279088970981208462e+01 1.671890735530283791e+02
1.749452318741815304e+01 1.885671699621140647e+02
2.328530766053695800e+01 1.614098028612905864e+02
3.209280893999694229e+01 1.711868705438826339e+02
2.085227164171313774e+01 1.895569727618498632e+02
3.058194362339169459e+01 1.543216894351547523e+02
2.109336772908649138e+01 1.753964362709763805e+02
2.764607106264255876e+01 1.767120312327980969e+02
3.244769945713343162e+01 1.746404745146234632e+02
1.290207928147185257e+01 1.727493647605678575e+02
2.588242742305485677e+01 1.690239537714275855e+02
1.908254582745955474e+01 1.487563286533799101e+02
3.764907515979815145e+01 1.669392602150278719e+02
1.665193130545750932e+01 1.793939759148772168e+02
2.192418655492203072e+01 1.738610077494554105e+02
2.538145821911682276e+01 1.778446582430559317e+02
2.260964696256483109e+01 1.857163678893082874e+02
3.430680700337337896e+01 1.721053520127002798e+02
2.064121119269075777e+01 1.880860191106281150e+02
3.034727998304096275e+01 1.855058097686235499e+02
2.152352935128484290e+01 1.821884464632759943e+02
2.648504130219227903e+01 1.781931286848285652e+02
2.883388680918465496e+01 1.612929702374151191e+02
2.588645283969628963e+01 1.781343566708437720e+02
2.697237121296075912e+01 1.815203616904203159e+02
2.400065441025389035e+01 1.880982703603696962e+02
2.075151699342282186e+01 1.628546188569283117e+02
2.223255792210015613e+01 1.871044231088256424e+02
2.356130737182088808e+01 1.740491226925909700e+02
2.714797646118348240e+01 1.812805942343804304e+02
3.000194461569315152e+01 1.829415994222738107e+02
2.498208096726450833e+01 1.685149132146557633e+02
2.561945820948515262e+01 1.836553944885307601e+02
3.324071756534566191e+01 1.975849969460089142e+02
1.326517378070567155e+01 1.728587340409149249e+02
2.375770606852379885e+01 1.846809591341209682e+02
2.893602968681690157e+01 1.784028722791539394e+02
1.563326968707382392e+01 1.712305909042688086e+02
2.412720146223844964e+01 1.827880710729201326e+02
2.862074994406803086e+01 1.747098835688303211e+02
2.313709813304421914e+01 1.853526011068931894e+02
2.057932188124160078e+01 1.808610188883299088e+02
1.540073579212115185e+01 1.849862210764292172e+02
1.456146206376670804e+01 1.728253675029488363e+02
2.389493625646164787e+01 1.729651166789153081e+02
2.480616829896769460e+01 1.759640331311126715e+02
1.165479756565389380e+01 1.736431050687506286e+02
1.741077311413246065e+01 1.645659351269693502e+02
2.754713842274520275e+01 1.736656847793680640e+02
2.111469910013732942e+01 1.762093316996287626e+02
1.338996145485397804e+01 1.761405462063024174e+02
2.952923186116736787e+01 1.737194413352783613e+02
1.903245842098463569e+01 1.862570201082036476e+02
1.490341350371676832e+01 1.820687692252269017e+02
2.485043051931332769e+01 1.635840606919432787e+02
2.241615867637203507e+01 1.891814956328774429e+02
3.047135860386370965e+01 1.947672260999125626e+02
2.057659333724720341e+01 1.727868668625005455e+02
2.158593805498249196e+01 1.763768258148281518e+02
2.276817739492786430e+01 1.808657919025959586e+02
2.296342475414480333e+01 1.697176463800098247e+02
2.178094896972415384e+01 1.893832413924222351e+02
1.698403934012286598e+01 1.716524726468267374e+02
2.432496465425159116e+01 1.827431599519483427e+02
2.111547224800523992e+01 1.645422684932541131e+02
2.855284551618634481e+01 1.803139175180258462e+02
2.144671289123241920e+01 1.919332943355797170e+02
1.236379735923345180e+01 1.868443008044796727e+02
1.000000000000000000e+01 1.852919692161740386e+02
1.647707334801503265e+01 1.755958151591322007e+02
1.000000000000000000e+01 1.708060213904260252e+02
2.815505351287819735e+01 1.743640700134888561e+02
2.341166394399650130e+01 1.824163844653582771e+02
1.635298823076026764e+01 1.686291742431982925e+02
2.107763131969672799e+01 1.683722655743660539e+02
2.453448278917285208e+01 1.763090984753842179e+02
1.959828753874558060e+01 1.679264402151700608e+02
2.572282594174872017e+01 1.740326343500847202e+02
2.320891214052862139e+01 1.738707991425658292e+02
2.927561331803845590e+01 1.711162014506799096e+02
2.655717246811185461e+01 1.932200964700210477e+02
1.149284427979829282e+01 1.688518648002516613e+02
3.406512975219259687e+01 1.688581984728231191e+02
1.851409175699806298e+01 1.992206335478938399e+02
3.562271783957560700e+01 1.879131680358067342e+02
