1.618446082230513028e+01
1.186648764508175802e+01
1.464778565654695086e+01
1.634498113765004490e+01
1.745913980223237516e+01
1.166095693440647096e+01
1.520870379572047604e+01
1.406742858858115319e+01
1.288786198880906753e+01
1.455705638818248104e+01
1.659472779771285644e+01
1.545656976520241521e+01
1.400667994864794963e+01
1.316859968706612349e+01
1.850569481499744739e+01
1.522353555851539397e+01
1.357865817589575563e+01
1.575478790439513865e+01
1.151989857308148757e+01
1.366059581731965622e+01
1.474667733562292504e+01
1.420670108820832667e+01
1.695499948932924639e+01
1.351075264826661382e+01
1.421153509268070181e+01
1.554265426599405409e+01
1.490759453066251261e+01
1.607137159898928758e+01
1.435965829372504032e+01
1.493929537374976135e+01
1.286585663123390688e+01
1.653170786752944110e+01
1.524065698484768028e+01
1.421366775637391555e+01
1.431635706484540194e+01
1.216972043271089277e+01
1.333268127294045513e+01
1.628442909496436641e+01
1.491744545525917331e+01
1.392289095842998847e+01
1.237963466793929257e+01
1.454636430040251938e+01
1.591321928754086912e+01
1.517261623645199720e+01
1.417429098481692940e+01
1.430763524632289752e+01
1.426651768644284068e+01
1.485261785696788195e+01
1.417034608280185104e+01
9.800000000000000711e+00
1.413277600956676672e+01
1.443486631795252784e+01
1.626786815404446074e+01
1.429073016580758626e+01
1.352766166940322279e+01
1.210229278092522520e+01
1.473988379024863704e+01
1.727576251071868185e+01
1.520158359848371177e+01
1.612470644882008131e+01
1.406929034652288379e+01
1.385729795189001834e+01
1.073589093355102442e+01
1.127035929155985272e+01
1.404608093712470129e+01
1.264169619467417505e+01
1.200787173755407977e+01
1.433978639343392558e+01
1.299665415225211440e+01
1.329470947275787829e+01
1.617773264304714687e+01
1.424161017836881094e+01
1.504357966555200932e+01
1.353352975732138397e+01
1.378489601727280345e+01
1.565071302058720626e+01
1.529284444651731967e+01
1.545045287900005704e+01
1.440492584911603480e+01
1.336800709443926394e+01
1.352086875592235771e+01
1.415033263798988195e+01
1.786031864691152649e+01
1.275503271547600015e+01
1.459692287263428945e+01
1.386573216025139388e+01
1.470771786509223844e+01
1.393671363763924731e+01
1.311534976786033369e+01
1.437969831538249110e+01
1.371176075033112163e+01
1.272658809484281406e+01
1.593998988787233451e+01
1.410731164207357580e+01
1.107227969174652138e+01
9.800000000000000711e+00
1.499550555813255315e+01
1.720379047631103475e+01
1.572564653843402915e+01
1.480362329549778977e+01
1.245423198422534306e+01
1.314835726729408449e+01
1.274884391332719069e+01
1.431937980698579160e+01
1.045821379201198198e+01
1.225211427404243736e+01
1.197768407028331872e+01
1.353949450129066712e+01
1.158666780590412948e+01
1.304071956357669393e+01
1.231099325668225575e+01
1.503926128766457104e+01
1.523478656703399636e+01
1.788619661727532772e+01
1.547438968412687466e+01
1.380758578682350546e+01
1.344530926764326750e+01
1.479500172267200675e+01
1.479395159094847578e+01
9.800000000000000711e+00
1.311323804017250971e+01
1.393520939755357269e+01
1.613776290996034746e+01
1.546704933228191692e+01
1.809913283504806003e+01
1.211678873343003815e+01
1.446358516279143736e+01
1.661288186066062167e+01
1.434774100793509888e+01
1.701565209535630530e+01
1.349113359580856475e+01
1.282014128122485985e+01
1.350348704316408366e+01
1.503146901594781504e+01
1.567855660271083273e+01
1.462065679503511006e+01
1.264114063561471646e+01
1.348472380563750406e+01
1.773447899788123294e+01
1.451403837459520396e+01
1.776639474325182277e+01
1.583097925562017316e+01
1.426740348397359526e+01
9.800000000000000711e+00
1.308235209070295291e+01
1.515100652005045667e+01
1.319036612059737124e+01
1.301082992254092296e+01
9.918742133522776783e+00
1.147172014074576651e+01
1.135476401260899948e+01
1.497805135199481619e+01
1.536444207792822780e+01
1.342031623120080397e+01
1.295395456714375371e+01
1.110461726883469424e+01
1.420439074439313387e+01
1.261755766013236801e+01
1.170749339365617381e+01
1.385932753429353070e+01
1.002486839388219764e+01
1.191357666337765231e+01
1.318215410539579580e+01
1.308575728431469187e+01
1.593116896191239995e+01
1.735414238503583562e+01
1.444149629543872138e+01
1.605581589105097606e+01
1.219384744725904213e+01
1.310872508947161208e+01
1.430656830743178531e+01
1.529329198127702583e+01
1.360322473878063043e+01
1.727664233567301721e+01
1.440665808794509850e+01
1.706803124293675822e+01
1.452422853635323818e+01
1.411288321313798733e+01
1.365155920316468041e+01
1.271792698321952386e+01
1.322570648550692241e+01
1.035116740449761608e+01
1.360140080967948961e+01
1.523253753981130032e+01
1.310150933868612277e+01
9.813346912249730991e+00
1.461490059736266112e+01
1.660705854016169170e+01
1.030837468603938056e+01
1.375218152901962654e+01
9.800000000000000711e+00
1.721318954929019185e+01
1.167080340973792296e+01
1.142359617471534960e+01
9.800000000000000711e+00
1.652982019635931010e+01
1.154553933666764465e+01
1.617736290472168292e+01
1.022205836014155445e+01
1.311977288921289642e+01
1.712988608888396769e+01
1.536227802722429381e+01
1.434297933838007211e+01
1.192372908465693016e+01
1.344228293151212128e+01
1.356958834801847047e+01
1.378293128839189130e+01
1.504086451819050652e+01
1.496854890515763081e+01
1.433535834751772775e+01
1.391990041179675686e+01
1.421631805904397261e+01
1.513890281709702990e+01
1.144882404273557874e+01
1.417751277074511407e+01
1.714407453804014025e+01
1.056407226006150957e+01
1.288549489117638380e+01
1.295609566285145853e+01
1.609039104482248561e+01
1.591648814161005454e+01
1.626918087679412039e+01
1.160946596746714121e+01
1.672276340321845112e+01
1.220425916700297009e+01
1.071955216692257729e+01
1.445106080154390149e+01
2.139752285436168933e+01
1.498317706855402420e+01
1.219909277884278964e+01
1.673632738375943063e+01
1.290509058805467113e+01
1.387841545126795850e+01
1.336237994665398077e+01
1.459590753741930058e+01
1.299207825970022334e+01
1.447785849428903582e+01
1.578586707625992247e+01
1.498408331465419252e+01
1.435583483668082394e+01
1.644776872473025975e+01
1.398536744063962090e+01
1.081334670714170976e+01
1.465524535140964524e+01
1.506374750321721834e+01
1.503136110401675474e+01
1.744764425237267602e+01
1.534870074634367221e+01
1.137186355102559787e+01
1.303466937770653722e+01
1.626719147419595402e+01
1.538099380865776311e+01
1.673214739256983563e+01
1.418309666225758647e+01
9.872360327555536941e+00
1.413101392796938605e+01
1.104991862794709689e+01
1.186349320309419753e+01
1.265657736447142945e+01
1.212349855817158151e+01
1.065342840492543530e+01
1.258698104485785940e+01
1.387349957217792351e+01
1.024455334938298634e+01
1.155764295037253220e+01
1.411422376531068501e+01
1.309643029422024618e+01
1.295266455491231206e+01
1.383338572590085214e+01
1.373007771972496016e+01
1.200518461444487883e+01
1.542529106625050161e+01
1.168756304393229861e+01
1.707193122847261080e+01
1.353784575126542222e+01
1.518406395322815072e+01
1.424135632196518841e+01
1.761099264531596376e+01
1.468664242496692651e+01
1.649306245965538409e+01
1.153265657111516340e+01
1.787585041821415643e+01
1.474800033558661916e+01
1.325197077052807337e+01
1.469030000623564725e+01
1.698992588837922568e+01
1.407250474319140565e+01
1.627341595905842553e+01
1.527789618262551485e+01
1.890970768886605313e+01
1.315700407249186377e+01
1.257072182891725198e+01
1.275055293356672692e+01
1.348010044097511262e+01
1.548002454518716142e+01
1.431823920571874709e+01
1.802247344624749559e+01
1.260518341763121519e+01
1.128709849278314614e+01
1.703871211211669845e+01
1.444506060651876389e+01
1.597051887132733938e+01
1.639037337165561325e+01
1.430534829549168840e+01
1.408107835733896351e+01
1.026419774568636356e+01
1.227793453219565656e+01
1.571565495995079509e+01
1.621631107335392841e+01
1.230026817575656750e+01
1.554107262399818090e+01
1.371806506577293838e+01
1.455006215211069254e+01
1.440954217747521504e+01
1.594626684449592702e+01
1.193375732200566475e+01
1.359984494797446608e+01
1.365937882350385912e+01
9.800000000000000711e+00
1.223145024471426012e+01
1.516447042130652711e+01
1.224705553014640813e+01
1.045044215864462700e+01
1.256646995947001599e+01
1.342435358398287981e+01
1.508459746911302624e+01
1.761649683735292626e+01
1.365394408340648269e+01
1.822794297251722639e+01
1.336764564367837593e+01
1.390423223239928419e+01
1.573631245563888292e+01
1.340244911210193735e+01
1.351080424251658663e+01
1.697944619938421340e+01
1.398645870410207515e+01
1.336377910056884133e+01
1.471822900744005125e+01
1.337004546100291158e+01
9.800000000000000711e+00
1.510531076041171694e+01
1.345100451780635176e+01
1.296686298839481388e+01
1.294934769376841110e+01
1.580597110519350501e+01
1.544913783210607328e+01
1.304387432116937262e+01
1.670796021677109522e+01
1.350703342322374034e+01
1.185495031451000791e+01
9.800000000000000711e+00
1.457479313235246465e+01
9.800000000000000711e+00
1.273695936196446965e+01
1.129037354246603719e+01
1.493536369125678398e+01
1.506535583795805699e+01
1.369387634280450605e+01
1.364213948864914094e+01
1.481904471116053479e+01
1.651403783376808931e+01
1.513563777365203222e+01
1.310052989064730511e+01
1.393118980027414544e+01
1.172289670461851152e+01
1.378890589603437533e+01
1.281228360173263958e+01
1.410021595811283923e+01
1.213973570016556991e+01
1.657609389044101533e+01
1.400111956881280229e+01
1.681562056064965560e+01
1.546463089775312305e+01
1.616012619543812079e+01
1.444400882815454423e+01
1.568390464688265418e+01
1.321402211068348720e+01
1.191254625066158823e+01
1.561058060888797883e+01
1.361052715087453713e+01
1.423401025810671960e+01
1.632490413703796861e+01
1.229785965553504212e+01
1.511188077411423158e+01
1.596062469828220642e+01
1.195443401305923103e+01
1.289961110195915417e+01
1.053930511310395701e+01
1.237025227019226925e+01
1.494403495961602246e+01
1.172590132727077439e+01
1.189464687367483720e+01
1.207109454713772934e+01
1.257870768446486665e+01
1.166916099022752284e+01
1.101416823676060375e+01
1.408271577274609676e+01
1.291623931572023487e+01
1.365349138397887252e+01
1.560589648016200037e+01
9.800000000000000711e+00
1.372418885336241168e+01
1.225921167410790602e+01
1.536249384525994621e+01
1.236161964940733782e+01
1.216017944586919697e+01
1.136006283007936801e+01
1.777350214838028464e+01
1.515728958943807392e+01
1.493633579664753697e+01
1.585340940957699729e+01
1.003589571499629507e+01
1.354767451217494134e+01
1.429226060200037729e+01
1.379110204383648686e+01
1.539777680370955260e+01
1.167048133876041049e+01
1.320098153472626912e+01
1.685317640961600461e+01
1.262034573067003151e+01
1.722423264907556728e+01
1.787062752478310301e+01
1.464739994827590053e+01
1.391742213950461782e+01
1.536888443143818428e+01
1.456890736365906669e+01
1.220919748337948718e+01
1.230865508225689275e+01
1.613966976809272325e+01
1.199603158480596221e+01
1.406652601359443722e+01
1.541387642539745784e+01
1.419213512726824611e+01
1.214351577729200748e+01
1.117530112964708877e+01
1.506330861766231166e+01
1.027678583034262161e+01
1.376981533005163882e+01
1.444059994525033019e+01
1.475195034402838168e+01
1.548074058612143844e+01
1.340899752699063363e+01
1.109396110760365595e+01
1.263364990518738296e+01
1.508092975220197651e+01
1.631867092504718642e+01
1.317928105899305891e+01
1.351865933738161907e+01
1.778644809604828581e+01
1.449163019005135666e+01
1.175144266269089854e+01
1.173820463483748711e+01
1.603602301835941191e+01
1.264304768495391151e+01
9.800000000000000711e+00
1.535344220009029748e+01
1.317083820554947593e+01
9.800000000000000711e+00
1.341901965049386547e+01
1.733830006072384577e+01
1.299550778027699671e+01
1.508868856772297029e+01
1.576472334002834330e+01
1.369844768938902213e+01
1.307343169941210981e+01
1.210687273353227589e+01
1.451855776112422980e+01
1.470694944197712850e+01
1.583658505490410207e+01
1.066363832002396350e+01
1.804899853949629573e+01
1.391138632515489348e+01
1.323114344082102178e+01
1.670977378321528306e+01
1.128871946037245877e+01
1.664458252416009998e+01
1.709173923032933118e+01
1.650294867553942169e+01
1.317421969930360959e+01
1.546579262411749234e+01
1.470815758093671732e+01
1.110819236012312849e+01
1.392615309600552997e+01
1.595831277143929761e+01
9.800000000000000711e+00
1.295448719125369763e+01
1.698129444164786861e+01
1.312622410601384537e+01
1.651295929254836281e+01
1.564640820098492924e+01
1.640601255711397499e+01
1.415441244518411779e+01
1.617245105961255902e+01
1.333296381008570286e+01
1.099331418105723301e+01
1.685800324194570265e+01
1.570210685962657671e+01
1.445307288432116977e+01
1.387364373246693638e+01
2.147850797461329719e+01
1.270950850591794179e+01
1.659195954501760895e+01
1.528809749361593617e+01
1.425325544980494286e+01
1.388359144965251346e+01
1.428212873983961018e+01
1.479940657306210738e+01
9.800000000000000711e+00
1.372454869689318002e+01
1.434217097564622811e+01
1.098791305472877156e+01
1.412180806239191888e+01
1.403769398335707841e+01
1.360677267928554990e+01
1.496338668428854746e+01
1.238023939683522379e+01
1.598968432362838321e+01
1.601761860738992738e+01
1.493925057553582114e+01
1.521153079665644547e+01
1.530639534167690918e+01
1.353518871992947226e+01
1.509109078377477076e+01
1.549581448594326893e+01
1.623692584821129614e+01
1.757666185783933344e+01
1.696737597025304467e+01
1.333048177715000016e+01
1.419331435075456227e+01
1.472936880357219813e+01
1.528305396791171944e+01
1.586588277112883461e+01
1.482757782792717727e+01
1.329419308109871700e+01
1.335031767535581615e+01
1.519615573859236513e+01
1.498268369315234594e+01
1.154735816106369484e+01
1.128562966813281676e+01
1.103179413316728130e+01
1.788568468222277374e+01
1.332835728011020571e+01
1.414483125284137088e+01
1.386020530798477068e+01
1.384012972065866798e+01
1.457331400312932601e+01
1.473054841187062891e+01
1.810862850293877102e+01
1.279343958157678962e+01
1.131376512008728596e+01
1.443657923750722993e+01
1.662986554720261267e+01
1.803218827620777276e+01
1.428315565129766362e+01
1.186324337062031731e+01
1.676746181127494495e+01
1.467778017570778282e+01
1.201723180702328264e+01
1.294796545142018118e+01
1.136608818255328046e+01
1.554809760745092184e+01
1.408235308429533994e+01
1.351364069841549842e+01
1.218748708605729547e+01
1.507257915463314291e+01
1.705083222271145615e+01
1.376866909190086297e+01
1.245243541381019803e+01
1.262662629414088222e+01
1.413174450508126334e+01
1.624439689910959217e+01
1.217546546377123740e+01
1.518822831745373136e+01
1.551559641676018764e+01
1.556858091079194217e+01
1.287690850589150315e+01
1.337795498410492456e+01
1.187300918359495228e+01
1.325911965855521224e+01
1.869902887566081873e+01
1.447862952072440557e+01
1.384132075853010768e+01
1.460893414605169305e+01
1.364836164564641230e+01
1.438299975639785799e+01
1.448797578529877761e+01
1.741301374117135126e+01
1.083541945282103924e+01
1.396219479830187282e+01
1.570354306685147350e+01
1.459269940826557210e+01
1.313779777724020903e+01
1.186860087018494347e+01
1.409389967151168399e+01
1.583295193422449110e+01
1.673784659642355876e+01
1.425817300944561161e+01
1.294558073179133473e+01
1.454482602621666132e+01
1.490702011463917920e+01
1.397132027794472364e+01
1.285132769656660479e+01
1.712624085991836154e+01
1.307257439101811691e+01
1.179485659537460229e+01
1.260427921110193239e+01
1.571566408685719729e+01
1.509015431909129745e+01
1.163975247682022740e+01
1.346877296979853789e+01
1.343544365742785729e+01
1.528780065875264071e+01
1.613784042406821229e+01
1.564517950892929399e+01
1.447221528240934774e+01
1.563004443726822501e+01
1.280513733303611268e+01
1.363192172020286108e+01
1.245872404702119418e+01
1.483707832687704098e+01
1.349948405227902803e+01
1.407012950786804240e+01
1.346747490091314958e+01
1.291400967071196604e+01
1.328908419592377754e+01
1.362706384225851153e+01
1.299696125895571086e+01
9.800000000000000711e+00
1.380907792312994786e+01
1.361352283242207406e+01
1.311803698988135380e+01
1.412386089102409059e+01
1.636736427143016570e+01
1.267592962155514336e+01
1.323588354773331766e+01
1.262630031554152410e+01
1.430817893677819796e+01
1.333364825958220656e+01
1.012129541250179798e+01
1.167494311188156608e+01
1.213925673727968402e+01
9.800000000000000711e+00
1.522537155534566544e+01
1.397244831395922127e+01
9.800000000000000711e+00
1.498563661117719192e+01
1.448167708111438401e+01
1.277008672048975768e+01
1.500108061010513083e+01
1.479387472793820102e+01
1.157739474873252661e+01
1.566615645760021813e+01
1.427535653370075153e+01
1.429482525729506115e+01
1.846110631535628954e+01
1.338546530483061936e+01
1.582804110730836555e+01
1.176641122036008724e+01
1.442267766459657530e+01
1.476919999068770828e+01
1.552639399988772873e+01
1.511024287363132856e+01
1.391108020111008159e+01
1.510697192812041934e+01
1.996218796339653778e+01
1.346012497054662482e+01
9.800000000000000711e+00
1.423556434510044255e+01
1.269941832336580845e+01
1.466951728585706505e+01
1.470590463176164953e+01
1.530049494920550579e+01
1.605755913280879099e+01
9.800000000000000711e+00
1.189010627687514621e+01
1.573793940518103085e+01
1.343465213942370795e+01
9.800000000000000711e+00
1.044621049240470967e+01
1.382767639290362283e+01
1.578537494924330886e+01
1.194243836357617461e+01
1.297646920485020416e+01
1.075082697717765967e+01
1.408809889184551878e+01
1.144026447562925952e+01
1.517477003625908871e+01
1.262384999745997760e+01
1.118713412633995397e+01
1.468649469855900591e+01
1.351720094977359565e+01
1.611969390452097173e+01
1.318258327727014745e+01
1.872750733301542070e+01
9.800000000000000711e+00
1.334942999387416229e+01
1.428752320596823466e+01
1.668032965520523447e+01
1.276293721174490337e+01
1.341497931306807168e+01
1.193955278443192114e+01
1.519994873302126770e+01
1.726480378304154684e+01
1.153946676450493314e+01
1.012586920805333079e+01
1.807766472184181694e+01
1.522675877270664024e+01
1.464281998941689977e+01
1.247946514831842535e+01
1.327242178105212034e+01
1.657086903169528114e+01
1.705057957408865121e+01
1.203615185017650369e+01
1.276880097207221176e+01
9.800000000000000711e+00
1.387878654953753355e+01
1.486412198932594819e+01
1.531484509065950128e+01
1.265754958755452542e+01
1.321079813123703062e+01
1.341032553641458414e+01
1.206221793886270888e+01
1.372678972118074192e+01
1.839443645455487797e+01
1.745677817030253465e+01
1.729331531820723100e+01
1.328365384188441567e+01
1.179147240863581203e+01
1.084897686903799752e+01
1.456513309882225826e+01
1.283399631011485376e+01
1.236038311395490474e+01
1.345270054940772653e+01
1.541076204207008793e+01
1.639126219696568398e+01
1.274390913672193548e+01
1.506606065884576751e+01
1.532215915509322990e+01
1.392928338309393865e+01
1.586740914827647408e+01
1.362881924343971818e+01
1.602658664344805217e+01
1.602592300895109290e+01
1.347307102142756285e+01
1.461479428807484737e+01
1.496920064657549787e+01
1.387081973888806807e+01
1.710755510793279655e+01
1.562187876266731479e+01
1.290292293050880268e+01
1.394117246133382082e+01
1.281164060521375525e+01
1.374985431811255054e+01
1.573609785235862724e+01
1.432285600080552790e+01
1.290095774939839757e+01
1.316466769257437974e+01
1.828357514323090172e+01
1.525722619924085244e+01
1.252103165044215061e+01
1.371204592312754400e+01
1.365245740774840932e+01
1.707035537891761479e+01
1.260777718726610885e+01
1.365138514902105449e+01
1.361269064298839560e+01
1.514240204385442468e+01
1.049232420058013560e+01
1.569935537727862673e+01
1.759128710516047889e+01
1.227185255480330106e+01
1.071619528275472533e+01
1.425478813432661163e+01
1.843773421353645503e+01
1.392642683844462681e+01
1.656106080607879605e+01
1.080929607807025583e+01
1.365448923195315700e+01
1.304010793806082447e+01
1.372794682931058574e+01
1.478568356162685937e+01
1.403641456539335053e+01
1.191338410688716110e+01
1.526503946324159600e+01
1.277989805509820442e+01
1.063768203733662787e+01
1.438431542499621330e+01
1.600650969144055225e+01
1.149727312260819190e+01
1.515375248711809064e+01
1.711232870475659951e+01
1.692703492190972625e+01
1.411413564334861626e+01
9.800000000000000711e+00
1.720861018461573622e+01
9.800000000000000711e+00
1.614595394331377420e+01
1.626958153180076749e+01
1.573261608825427338e+01
1.183644075559779729e+01
1.318055261281749679e+01
1.396152161426960525e+01
1.654793825427653076e+01
1.218815695719741576e+01
1.139470042789195503e+01
1.410018605456550667e+01
1.503953966739225123e+01
1.556922660926703195e+01
1.237058169835965238e+01
1.197315473843097777e+01
1.246270855578711334e+01
1.431863739435615912e+01
1.690709767423129861e+01
1.422890768563662789e+01
1.621972649879659301e+01
1.427145935298308288e+01
1.596227467766700769e+01
9.800000000000000711e+00
1.260059202627826735e+01
1.082192638225480508e+01
1.306840514470194137e+01
1.393328218674399288e+01
1.278407614253051250e+01
1.458381495615039647e+01
1.662960863264302347e+01
1.069926282818266650e+01
1.157052945987250325e+01
1.584598298208553402e+01
1.381982459113540429e+01
1.339931418977761979e+01
1.679129407775243976e+01
1.358360381476733991e+01
1.561688922685436332e+01
1.431276654510951296e+01
1.459833715580967706e+01
1.585456616073912350e+01
1.440641093003254802e+01
1.603623128966685840e+01
1.866495813554074346e+01
1.481486850645444342e+01
1.511724419515050499e+01
1.776309324333180584e+01
1.590176144278344594e+01
1.274724973975638598e+01
1.284143817765960449e+01
1.305848606630658004e+01
1.225658880840022391e+01
1.314619374866264678e+01
1.506632691823567072e+01
1.279706092086918190e+01
1.575929890349390128e+01
1.260434180886275080e+01
1.497887874188163693e+01
1.486098276949494590e+01
1.492141660146819859e+01
1.548600882340021201e+01
1.416143112949894523e+01
1.398093867895704712e+01
1.169642127812598531e+01
1.478818202021092354e+01
1.261608567800686309e+01
1.514859881580728285e+01
1.439058199209058309e+01
1.418266533400535323e+01
1.181023820242536004e+01
1.478749096166393961e+01
1.186862420380479399e+01
1.644571859289386495e+01
1.420918556732924287e+01
1.769368761561730707e+01
1.366992298296720776e+01
1.480811091059934981e+01
1.419056924547780874e+01
1.602884320015052211e+01
1.060060595650752369e+01
1.254559797078020544e+01
1.354663863073854557e+01
1.398787567866093084e+01
1.609488102127630782e+01
1.436780942318710608e+01
1.555488084069476429e+01
1.404436964164521306e+01
1.141273307679625226e+01
1.276824464901019418e+01
1.290228744689960472e+01
1.047799493780348179e+01
1.561880929117330652e+01
1.457058791817429544e+01
1.204578252546565409e+01
1.669597351054802914e+01
1.418944748662402588e+01
1.533122543673152727e+01
1.744131990945696487e+01
1.625503001163253458e+01
1.291952276353167939e+01
1.338068277016701302e+01
1.111110262466833376e+01
1.339969322453121059e+01
1.585708320608521404e+01
1.313520294042660197e+01
1.671668190695359257e+01
1.469711129466112709e+01
1.367899660496316194e+01
1.588398558200331934e+01
1.455796542429370888e+01
1.261587408909437791e+01
1.360173450668843387e+01
1.186591224501849950e+01
1.303240158773228963e+01
1.197791162089032113e+01
1.040562556595497057e+01
1.388128581507602277e+01
1.801527479140829158e+01
1.091522896455338731e+01
1.208735842127768834e+01
1.367298914635861706e+01
1.308096335296729862e+01
1.446628007183077358e+01
1.358166985535015314e+01
1.185109833863708850e+01
1.918378177345202928e+01
1.451737591608500999e+01
1.413153429945801776e+01
1.307731550804676601e+01
1.239419271921560650e+01
1.566019342216352150e+01
1.528401597459092542e+01
1.259733149798276841e+01
1.333897032712247110e+01
1.188467831922777584e+01
1.570897237724916096e+01
1.636938211702611667e+01
1.240958804704530749e+01
1.318773871977199974e+01
1.625935787959795320e+01
1.307366917134190309e+01
1.451144347615844410e+01
1.734847671197449515e+01
1.487963318153027181e+01
1.499146878791932380e+01
1.118432287344770870e+01
1.251839202161429654e+01
9.873855574951551972e+00
1.602529735225375873e+01
1.317552366022256471e+01
1.535032362043936871e+01
1.068094222585071584e+01
1.116946768622279684e+01
1.369513609207409743e+01
1.791909067625876162e+01
1.298666176578492149e+01
1.190048447876243287e+01
1.110382593730468770e+01
9.800000000000000711e+00
1.278275958704643500e+01
1.469332582665329312e+01
1.283594554136416654e+01
1.439917813316779238e+01
1.078990593587826297e+01
1.387465154391309241e+01
1.091911870964819364e+01
1.338299393521532110e+01
1.321464892248384260e+01
1.358635259548074359e+01
1.296741480575527206e+01
1.266712428772673960e+01
1.160766929785131651e+01
1.151882777253924672e+01
1.434777338353459442e+01
1.376821456086450901e+01
1.415808142368036826e+01
1.105729270410168397e+01
1.298753026672711819e+01
1.135432410352014188e+01
1.486820934756545398e+01
1.495127898286643742e+01
1.128046072987653403e+01
1.368677718001934096e+01
1.580698398760907075e+01
1.392274263738503670e+01
1.373941260621911553e+01
1.385580814442991482e+01
1.370212397844334262e+01
1.061316082656462711e+01
1.572981340862759581e+01
1.108132075517008097e+01
1.228346854751314865e+01
1.400580713282198886e+01
1.430991727320327733e+01
1.300179541773296421e+01
9.800000000000000711e+00
1.404710016506812309e+01
1.505412757164617510e+01
1.274077001753927973e+01
1.456737895070670774e+01
1.503519532525823976e+01
1.076156376094779787e+01
1.104955724209095891e+01
1.405847658101999720e+01
1.689031159118328063e+01
1.637143562906574346e+01
1.578014509754711803e+01
1.199946937935537505e+01
1.336802824476436058e+01
1.320847062873541411e+01
1.125125647219132574e+01
1.142869443146108210e+01
9.800000000000000711e+00
1.540966707189051554e+01
1.503792660638377576e+01
1.165381733939799069e+01
1.505240951562401719e+01
1.152326788793772039e+01
1.262719083166387790e+01
1.676917210648478473e+01
1.435310182863032225e+01
1.528767886010183119e+01
1.337370909296964072e+01
1.518960411014112211e+01
1.358760501368106510e+01
1.920568547552559480e+01
1.333038866638463738e+01
1.236749781707699825e+01
1.000669295851161067e+01
1.312800901720342139e+01
1.372122468230288561e+01
1.063878443167702237e+01
1.189401579078058546e+01
1.778815672194303588e+01
1.347112210999584825e+01
1.604842629264798148e+01
1.475631278499806776e+01
1.634753252613764118e+01
1.463122217764566635e+01
1.333633014742496847e+01
1.391786612657313604e+01
1.394545395366796647e+01
1.517204141562340958e+01
1.393521876424070527e+01
1.399522704474850165e+01
1.421554652888109693e+01
1.672056415348536262e+01
1.722853164087951328e+01
1.322824400585733606e+01
1.468946676198240198e+01
1.507909109678984727e+01
1.283731560694700846e+01
1.553713409904664111e+01
1.507276343712697475e+01
1.572822431527370490e+01
1.380536117900730098e+01
1.790144734447590480e+01
1.618299786879818569e+01
1.647316652548463622e+01
1.379069860007261994e+01
1.457814923315230082e+01
1.194646346242110901e+01
1.388300685191413919e+01
1.522878285965217238e+01
1.372700211729484820e+01
1.280719389780686512e+01
1.321305508972293730e+01
1.440486754778364009e+01
1.551160932948238091e+01
1.683021257301166074e+01
1.364939699540291507e+01
1.202971046969853575e+01
1.258848270037389128e+01
1.478877347954423449e+01
1.509306082865132481e+01
1.587028015309252282e+01
1.278756095995113995e+01
1.331435334750657873e+01
1.675959827197693031e+01
1.345149281968359745e+01
1.322849757596771880e+01
1.610393602657941869e+01
1.407027577846941568e+01
1.588397928656513258e+01
1.537599640427965930e+01
9.800000000000000711e+00
1.327819804641896617e+01
1.529055461323437193e+01
1.610693883116856284e+01
1.463115259937760193e+01
1.225351527833167076e+01
1.300836704471942262e+01
1.209194425174949572e+01
1.519516469778950807e+01
9.800000000000000711e+00
1.041730654473415463e+01
1.567608174700601253e+01
1.368999178013013385e+01
1.510441321867011055e+01
1.476910169773536374e+01
1.307900748711412575e+01
1.445369866391585667e+01
1.631229628608001647e+01
9.800000000000000711e+00
1.552237891770937495e+01
1.086892257892621672e+01
1.067166194772919496e+01
1.325056733116749186e+01
1.549930023334920648e+01
1.122200245281533704e+01
1.173621254532049640e+01
1.303852989999515088e+01
1.452302663575151520e+01
1.541313918865697374e+01
1.489763061159291446e+01
1.504484440415588153e+01
1.335199624979492050e+01
1.025742025531973312e+01
1.234273524685151102e+01
1.163795001984096800e+01
1.466236017178483131e+01
1.630619643247013073e+01
1.302650950614893688e+01
1.552483442532526858e+01
1.676745486029882670e+01
1.281631146877561633e+01
1.438566521784686181e+01
1.360473526578644865e+01
1.266558402636359126e+01
1.600199030986561155e+01
1.392634843843380743e+01
1.281665442410374922e+01
1.409254708643958942e+01
1.599150290733966528e+01
1.308236410464662214e+01
1.192552487649571447e+01
1.624209121234853370e+01
1.240154193544579542e+01
1.541816665891071203e+01
9.800000000000000711e+00
1.610069624113898357e+01
1.390667038889792551e+01
1.236385744356957161e+01
1.246957781574161217e+01
1.296854960394066225e+01
1.591639865141704036e+01
1.063904809020899656e+01
9.956991741839111398e+00
1.466043461000255377e+01
1.450252573537187395e+01
1.609347429989303890e+01
1.400225220530445114e+01
1.067640592030263136e+01
1.620507969221679190e+01
1.574380129241621873e+01
1.319623548401433588e+01
1.325461024019892520e+01
1.413706068119176251e+01
1.221633623401215196e+01
1.596907579623772655e+01
1.095722945800769565e+01
1.461561044350214544e+01
1.550094537107322878e+01
1.205414072654497204e+01
1.482180003270609348e+01
1.562701276535982586e+01
1.609251464033045664e+01
1.735819501009709498e+01
1.083177903074760984e+01
1.259530438660672047e+01
1.587444879482399784e+01
1.290169887547670768e+01
1.511446891248989388e+01
1.307936607851824107e+01
9.800000000000000711e+00
9.800000000000000711e+00
1.328878658423845494e+01
1.323993477419158005e+01
1.314494584181070813e+01
1.328292997399818454e+01
1.587190608695710381e+01
1.447267157261957671e+01
1.334535372912752393e+01
1.349056420943884760e+01
1.315123238242275860e+01
1.604008312597277808e+01
1.583649629474791709e+01
1.033753028056314704e+01
1.523968369615814566e+01
1.599323147246787080e+01
1.666904655296111315e+01
1.323382291193330751e+01
1.532686983233875111e+01
1.821166219666787356e+01
1.059968981497940987e+01
1.283319733077979308e+01
1.833759860517953655e+01
1.413700716172508187e+01
1.555416599363915253e+01
1.096545184253140093e+01
1.469169482296573293e+01
1.470940923641516207e+01
1.134447318928088499e+01
1.451456045690709473e+01
1.567998684821000666e+01
1.110597239285695181e+01
1.380172410143099526e+01
1.548271396106751396e+01
1.393634652243823524e+01
1.660940636613843324e+01
1.203529772870778203e+01
1.467428334465415318e+01
1.569332154029149251e+01
1.370327712541010889e+01
1.254791023430436780e+01
1.380957235537386474e+01
1.210425056973219249e+01
1.249644708941278104e+01
1.561776059496714275e+01
1.829558591202513895e+01
1.552060438771320250e+01
1.476270067231752314e+01
1.509219645540012955e+01
1.343132284649102637e+01
1.273468616584798951e+01
1.026734564097049685e+01
1.385354342595139698e+01
1.263676793373498874e+01
1.319259253182323199e+01
1.723784144068372726e+01
1.706100674229229242e+01
1.560031788459984980e+01
1.282690720977429599e+01
1.488965056492035721e+01
1.360681188277792941e+01
1.336984359957516943e+01
1.404126469157523438e+01
1.234434295986723384e+01
1.221775515593955674e+01
1.412205179251291121e+01
1.278942127118459560e+01
1.454441156129956170e+01
1.247692881984771951e+01
1.208334462182428304e+01
1.648631181307418103e+01
1.533511478958225283e+01
1.495702500391137058e+01
1.642702566378444828e+01
1.558353594756951210e+01
1.392205377077841533e+01
1.195392644034111740e+01
1.017579672473127950e+01
1.267630940286235663e+01
9.800000000000000711e+00
1.511739484907140429e+01
1.116836138867630268e+01
1.649828775547060999e+01
1.228074372140793180e+01
1.480049306492348649e+01
1.563322455336971650e+01
1.291091325103597498e+01
1.269750403948007822e+01
1.824434506571909509e+01
1.364801685605063852e+01
9.957352337404190123e+00
1.708214913463558560e+01
1.520683016070998406e+01
1.216977775523812966e+01
1.556905143334875596e+01
1.413331572771136635e+01
1.360914182523582383e+01
1.578595500848410538e+01
1.051744018201157971e+01
1.457161995493682127e+01
1.182598534794066580e+01
1.185779726226969544e+01
9.800000000000000711e+00
1.456779067395267369e+01
9.805291245768138708e+00
1.350989700854243480e+01
1.369839701166885249e+01
1.437535193110472598e+01
1.343609957707848501e+01
1.024646362087725748e+01
9.800000000000000711e+00
1.287030538563399418e+01
1.246623888153082227e+01
1.689432322804484699e+01
1.366579697984516528e+01
1.565802441508553855e+01
1.105307133987450641e+01
1.753997230347593828e+01
1.910525116945485280e+01
1.261112005235832001e+01
1.438245985581015596e+01
1.659359867689692791e+01
1.377574780910435237e+01
1.203299134658358582e+01
1.289985657394889706e+01
1.640653322706653938e+01
1.594182550695633971e+01
1.305272098547086124e+01
1.517028252635849661e+01
1.321696931951262854e+01
1.021642297396130417e+01
1.172146297708698981e+01
1.742923593744383481e+01
1.191670814656131938e+01
1.680501415108527397e+01
1.510177250329944343e+01
1.184598071453658008e+01
1.251014899649725010e+01
1.705263831812787245e+01
1.072052366150236047e+01
1.531275408564167151e+01
1.399091439864731257e+01
1.068554313262895050e+01
1.493572253300624197e+01
1.862753780908167656e+01
1.189152756931842525e+01
1.396739379407880755e+01
1.382774871367747771e+01
1.804907508958640605e+01
1.538319668139696184e+01
1.545820275292388146e+01
1.531720577038823627e+01
1.633622508894317704e+01
1.389762335020781059e+01
1.623207268271394810e+01
1.476891007981693349e+01
1.343941438127457744e+01
1.475341542781981552e+01
1.308703940003758071e+01
1.101632988866968077e+01
1.682285796061547245e+01
1.431644398755370418e+01
1.543855329168697565e+01
1.338197059077973350e+01
1.437817408383128281e+01
1.288387850596993545e+01
1.432781088172228223e+01
1.011406359666570864e+01
1.177452962882071041e+01
1.626263416585103982e+01
1.745042758190966481e+01
1.479018532888774295e+01
1.315426132247847057e+01
1.325416444276950578e+01
1.364814150523828928e+01
1.457138409756556463e+01
1.554239528819972271e+01
1.491700625587675866e+01
1.453647264017523888e+01
1.539471911817336647e+01
1.290616488973276610e+01
1.277887760729276678e+01
1.446742839650510071e+01
1.590747117868751737e+01
1.455042790039775369e+01
1.259715101925920422e+01
1.459006306844186440e+01
1.844092359029098560e+01
1.275787944896888249e+01
1.777335539293626709e+01
1.485480796298557848e+01
1.256649424577263474e+01
1.364272997037355140e+01
1.308626278857580161e+01
1.359056257305779880e+01
1.189651184730407785e+01
1.392807456133053812e+01
1.824175354812111749e+01
1.553375433322176846e+01
1.263153366271887279e+01
1.090764114584170663e+01
1.338167920800818500e+01
1.336162916895590591e+01
9.800000000000000711e+00
1.385525624188066729e+01
1.262551892770876094e+01
1.224815767956482659e+01
1.421573484252788511e+01
1.397224043988477682e+01
1.988321884007656237e+01
9.821227022109219718e+00
1.616386231862101752e+01
1.423640970544869155e+01
1.579086954149872746e+01
1.423231933553448592e+01
1.685622708757082222e+01
1.357360534427491494e+01
1.493949548089720913e+01
1.515524554210674957e+01
1.295762512622021845e+01
1.561089233945626198e+01
1.556883346459317785e+01
1.586530449059972447e+01
1.447655667963781312e+01
1.589287277830950451e+01
1.301969579576311631e+01
1.216123432940122129e+01
1.096513639215862490e+01
1.595432516148848379e+01
1.492622830594518213e+01
1.240513192525999209e+01
1.222927595848118543e+01
1.250927328794792714e+01
1.259915885831208371e+01
1.283049551165542645e+01
1.736330502377543183e+01
1.593177782812745136e+01
1.048650410501239527e+01
1.688433962707184932e+01
1.206323339162142361e+01
1.497683545259594950e+01
1.295755222181031741e+01
1.282359701034116384e+01
1.490051309053381345e+01
1.205404099520903571e+01
1.585519895269143476e+01
1.400263568643385170e+01
1.302427840898497635e+01
1.446713662122657240e+01
1.404401429852373795e+01
1.732148217382937005e+01
1.389623496081550158e+01
1.338338188516516780e+01
1.334435455125669634e+01
1.700306447558135048e+01
1.536671619203713135e+01
1.820156176337883025e+01
1.260905224616933751e+01
1.795048450205801771e+01
1.455982715037878350e+01
1.409573656042761236e+01
1.487075391786838630e+01
1.275538510096728473e+01
1.842613286931295491e+01
1.204163322584374640e+01
1.471752569747704698e+01
1.022161337468769915e+01
1.505328452676666195e+01
1.494971783660007958e+01
1.464815398763425414e+01
1.822512827189622087e+01
1.664949275069086099e+01
1.641551429948479779e+01
1.488025109785091082e+01
1.299840767572186273e+01
1.269986536812213807e+01
1.578672566953414780e+01
1.414981963288296107e+01
1.498361334149562119e+01
1.496289967246705288e+01
1.511923737811535950e+01
1.004935211419669727e+01
1.210393778505325102e+01
1.737670691116554167e+01
1.250430866629880278e+01
1.347841557430441739e+01
1.376136722143592728e+01
1.080251671634018784e+01
1.320143719131957205e+01
1.550494098768413842e+01
1.580398821121590203e+01
1.204817125357095620e+01
1.546438469427483398e+01
1.435347492681561299e+01
1.401706369326317336e+01
1.173098947761950051e+01
1.128387862994985369e+01
1.475022689228697637e+01
1.728158268035618761e+01
1.511514751378094701e+01
1.427216465082149988e+01
1.222084233418039645e+01
1.615324203951914583e+01
1.289652291376401827e+01
1.594114484520724773e+01
1.559829316350522355e+01
1.215963474077886630e+01
1.141745121011692454e+01
1.165161419471846393e+01
1.483904210433571791e+01
1.767384120489463584e+01
1.481421591183994479e+01
1.514806033489089998e+01
1.283953678734580706e+01
1.499215489272798152e+01
1.631301534706327416e+01
1.587333635379572883e+01
1.489995318398183244e+01
1.506229955168779000e+01
1.361682220547173650e+01
1.113945735928695768e+01
1.542044700448229477e+01
1.560892997150212835e+01
1.327716487856672956e+01
1.450041404635734565e+01
1.520763646546939540e+01
1.260058967393248963e+01
1.443869726509464080e+01
1.127029481408077771e+01
1.546827678023370467e+01
1.431322480980712974e+01
1.063222521894225991e+01
1.509306422354028321e+01
1.564492266883708460e+01
1.524706817535646586e+01
1.661988881739664237e+01
1.279297671857632857e+01
1.305063148457233169e+01
1.607957573880756641e+01
1.593968369039680510e+01
1.221563918049854536e+01
1.005321654067631343e+01
1.426839829054658715e+01
1.402916192213374202e+01
1.432080284453006058e+01
1.297145627922269995e+01
1.201445676281423580e+01
1.287060954863600415e+01
1.679592342919335124e+01
1.507057441622596983e+01
1.629733406287741815e+01
1.369836494309060093e+01
1.281654193045897117e+01
1.328485590043122855e+01
1.571798460863256963e+01
1.660331358977008875e+01
1.760783489053472906e+01
1.074731752246736605e+01
1.271315199971727949e+01
1.623651400320708049e+01
1.464353461857996308e+01
1.466280322927523549e+01
1.641646266946134958e+01
1.507856949044949957e+01
1.083924180248400582e+01
1.427230212562277423e+01
1.676109724924280542e+01
1.207304560973653729e+01
1.165839014821663078e+01
1.421724274151288370e+01
1.527267237801325095e+01
1.260090044026471112e+01
1.398527012102927181e+01
1.575707840246703562e+01
1.390533470038070085e+01
1.366535526559648872e+01
1.435052230769807124e+01
1.472400345917508524e+01
1.450089872470898378e+01
1.119578404355743650e+01
1.673697830497581407e+01
1.575064607466766553e+01
1.454849728702543743e+01
1.456781493218372248e+01
1.369939162392334353e+01
1.502441834119061426e+01
1.321872113360785406e+01
1.314477536015346182e+01
1.340833696695707111e+01
1.427473687106712319e+01
1.335651915278436697e+01
1.419613099443714255e+01
1.491996372133385762e+01
1.304431022920472572e+01
1.208916300311087966e+01
1.492894130546246600e+01
1.239417497959406411e+01
1.332511161518704235e+01
1.251928255787599653e+01
1.395154849888626103e+01
1.238066612234234398e+01
1.472183034294345738e+01
1.404550253312648422e+01
1.309220958041333738e+01
1.276172203361940127e+01
1.410281846266582306e+01
1.260485031685167101e+01
1.051273992440751393e+01
1.181087877293801647e+01
1.355055696915796126e+01
1.426529997807357120e+01
1.530357721477753685e+01
1.321258862413512603e+01
1.375253012415036302e+01
1.436778986603281894e+01
1.118390065365524855e+01
1.452982252624606829e+01
1.590522407059961374e+01
1.344525688139379582e+01
1.239048692524846906e+01
1.233708659637009752e+01
1.184275123601434920e+01
1.446255417191899184e+01
1.164173442264641878e+01
1.433896256725839180e+01
1.372112513569056524e+01
1.080206067913163182e+01
1.345686068894536902e+01
1.195320552636271572e+01
1.555721629232853331e+01
1.575067148269534911e+01
1.445254499730736875e+01
1.313109985685263581e+01
1.228027654717343786e+01
1.547820650538569609e+01
1.423156061009256668e+01
1.267687544766166319e+01
1.662244128704550405e+01
1.616335455623847395e+01
1.741776343117458126e+01
1.621678502586945925e+01
1.615480130436572992e+01
1.046227070979935903e+01
1.192455769544989508e+01
1.258725701899965621e+01
1.481950173923771530e+01
1.176181955419600378e+01
1.260014626283153660e+01
1.042013093434553284e+01
1.396942777724788343e+01
1.076647523336782619e+01
1.636105648930506007e+01
1.380769134991589020e+01
1.168659131336965551e+01
1.332118451289040095e+01
1.493942548733035913e+01
1.421472573218118818e+01
1.050530747372540041e+01
1.744491514914759023e+01
1.392812181157924734e+01
1.499811218871087704e+01
1.461591068604083432e+01
1.654084204229735633e+01
1.638467818101553419e+01
1.654903090092991391e+01
1.280680720725332833e+01
1.407310727748937218e+01
1.182768864221067595e+01
1.403904714285526900e+01
1.356978069718701185e+01
1.400962627237495539e+01
1.593026941113617312e+01
1.695634446512414328e+01
1.037524886275338254e+01
1.484063439449481336e+01
9.800000000000000711e+00
1.703982636798999550e+01
1.273100326283330830e+01
1.887038404330684216e+01
9.889413717987501684e+00
1.203943350278787783e+01
1.673081064024285425e+01
1.714244340380270160e+01
1.460434484990462067e+01
1.428900381839584632e+01
1.436098997588163506e+01
1.338833557289449772e+01
1.556171195698961007e+01
1.354418919187606463e+01
1.524280204960600038e+01
1.457781119933033764e+01
1.402185173260095929e+01
1.556915265132579052e+01
1.606898337179805125e+01
1.246793069279178567e+01
1.336041059179168577e+01
1.249919900053301092e+01
1.547351312864053874e+01
1.628826831360230898e+01
1.367823861277141262e+01
1.362528514235384947e+01
1.457195719218386465e+01
1.646272896764584814e+01
1.537277061737368555e+01
1.471101833157520211e+01
1.385941464989642036e+01
1.715387861817221804e+01
1.333940404119001677e+01
1.733160886856758864e+01
1.649134333828609300e+01
1.307945994251405075e+01
1.433705915004047782e+01
1.823921445825303067e+01
1.073376550094509696e+01
1.573387543418844992e+01
1.386010554916199489e+01
1.463835181289042353e+01
1.302792698163112917e+01
1.351791868952436815e+01
1.338605984977291818e+01
1.244419189196838360e+01
1.243255224894911315e+01
1.248429745882818054e+01
1.486377250032425401e+01
1.705327395806559920e+01
1.554431380494610160e+01
1.633240722159215608e+01
1.549731491814459972e+01
1.697774774281251098e+01
1.347879326799962563e+01
1.640439229904779239e+01
1.522192324290584331e+01
1.171989355629706964e+01
1.482018371755266095e+01
1.149912378023828374e+01
1.215442664011458085e+01
1.548406058467294777e+01
1.405121974180036482e+01
1.485194535713770136e+01
1.407946162285093372e+01
1.404006937536073707e+01
1.545390816169560644e+01
1.668728047246006696e+01
1.356184617906185430e+01
1.431217798182342804e+01
1.191510829125302706e+01
1.489974425312220596e+01
1.736665600482836780e+01
1.755549270760935343e+01
1.361054599612905669e+01
1.177152538629364287e+01
1.596890420808355060e+01
1.644080946084811856e+01
1.471850438293721908e+01
1.166888657446549971e+01
1.179035965910925654e+01
1.280305832974044122e+01
1.210937148746256398e+01
1.587728873914570471e+01
1.245964280518695766e+01
1.018229565161857764e+01
1.273165625527007272e+01
1.514185450039300562e+01
1.333280883519952909e+01
1.710466945031000208e+01
1.159679354368873661e+01
1.212109597596904997e+01
1.184672723880708567e+01
1.553587769487536363e+01
1.251931721156072896e+01
1.266855793085268722e+01
1.214093606186943930e+01
1.466380113978341626e+01
1.182728211114492112e+01
1.249676443940312964e+01
1.281541692729719095e+01
1.617161290362982129e+01
1.379816915376824937e+01
1.269409350598951391e+01
1.326160673365406772e+01
1.275044761916071856e+01
1.490121486122928474e+01
1.352765069270926190e+01
1.421507278734672042e+01
1.022033100331385924e+01
1.419028184577003238e+01
1.485567582399148101e+01
1.083501966855012633e+01
1.701988587299114997e+01
1.219969843730477876e+01
1.075319145431955725e+01
1.519386876667134700e+01
1.136775857274057699e+01
1.416766864666364256e+01
1.791302827533607456e+01
1.518994766484786929e+01
1.445819734691799319e+01
1.503094301751868933e+01
1.427083220397246066e+01
1.373998202706892258e+01
1.549026962455488210e+01
1.566230845914234848e+01
1.273345689000414893e+01
1.497136445244472114e+01
1.659123685872731713e+01
1.305816377636256220e+01
1.389003834737828313e+01
1.533909908504287323e+01
1.299114382145322288e+01
1.194059830310027337e+01
1.149493350031988292e+01
1.489904494094830234e+01
1.588289707122461714e+01
1.436259879479272428e+01
1.087397849458246846e+01
1.213142704387435522e+01
1.230348934392914728e+01
1.888680590001940018e+01
1.307764465302042112e+01
1.230867698169526214e+01
1.454511299311982242e+01
1.134487236989804870e+01
1.524953105094987116e+01
1.184453884510346100e+01
1.674829859132868393e+01
1.414640881297242281e+01
1.389720715940955742e+01
1.359813745608000346e+01
1.200274496840114402e+01
1.399654098133429159e+01
1.340067417208233280e+01
1.201722938668723195e+01
1.234392884146162572e+01
1.356396047212070499e+01
1.452155897464522383e+01
1.318865362173901978e+01
1.378844116795606389e+01
1.408836173118137580e+01
1.670515679780566387e+01
1.866160836602212569e+01
1.376402944021934793e+01
1.273997961735101292e+01
9.922411771704066297e+00
1.186149237874567142e+01
1.489962909604651209e+01
1.353450663008476518e+01
1.581194713542346264e+01
1.230230952963735902e+01
2.003213170600479032e+01
1.755167372747858678e+01
1.480908115058433161e+01
1.202051741987689404e+01
1.568524143426894923e+01
1.413732345763732212e+01
1.233344410066067987e+01
1.643721127259640014e+01
1.730439745507191773e+01
1.614317295757059156e+01
1.857875052162217244e+01
1.522128914431077185e+01
1.383606956218648776e+01
1.319811503644872275e+01
1.280097219965503008e+01
1.443129753717364139e+01
1.613692812921447484e+01
1.604462239383786226e+01
1.188841946955221296e+01
1.622693049253753728e+01
1.099056704668581474e+01
1.271776843618798480e+01
1.773613020721235856e+01
1.460110409937875531e+01
1.338966765621559496e+01
1.256365413818097743e+01
1.475573141678114375e+01
1.625890774960770457e+01
1.303923730635009193e+01
1.342597713809620785e+01
1.642626143049142229e+01
1.342841879089404422e+01
1.771763614647607099e+01
1.645170690397974411e+01
1.333828620523220998e+01
1.382362842916091594e+01
1.547687541228269303e+01
1.443338846974132217e+01
1.337730323275932243e+01
1.411413802184529942e+01
1.199742927633762690e+01
1.327716604562679059e+01
1.479431664751231601e+01
1.452145104398475084e+01
1.168081306472915415e+01
1.452309959047908627e+01
1.261646596189648406e+01
1.790886386095757743e+01
1.724065099103972187e+01
1.360251715274379158e+01
1.398145826009521464e+01
1.274071473045177960e+01
1.209811925552246059e+01
1.192710250908105074e+01
1.496883737017214777e+01
1.295133778263202906e+01
1.194916797747928605e+01
1.365268147003789245e+01
1.561121951210550662e+01
1.024479261035429190e+01
1.659683122681895640e+01
1.301213276829045107e+01
9.800000000000000711e+00
1.048248932988164306e+01
1.532458471003507228e+01
1.264310609961847298e+01
1.473586919729049960e+01
9.800000000000000711e+00
1.100349685155345547e+01
1.542303791133955393e+01
1.240354441159455945e+01
1.119651951515476895e+01
1.254376150368838161e+01
1.247083073898443573e+01
1.367073254657273296e+01
1.213208133908532460e+01
1.101885870376962906e+01
1.421950807978682541e+01
1.531859600811426958e+01
1.184691696705220565e+01
1.402888691035959567e+01
1.336272923327063289e+01
1.383563912753450076e+01
1.311081824667615336e+01
1.609899888012451541e+01
1.364746994211873243e+01
1.721417105848841445e+01
1.306092653367691980e+01
1.945967867733343937e+01
1.117880756015208732e+01
1.401208084774247276e+01
9.800000000000000711e+00
1.684527536870581343e+01
1.729599010139830995e+01
1.419828120670267069e+01
1.508368605067439283e+01
1.583653442560745539e+01
1.112266953589966256e+01
1.388583723759891342e+01
1.110684255498107476e+01
1.334836850866876645e+01
1.635926697444910616e+01
1.732064549346488036e+01
1.317804054227694799e+01
1.465227895929263191e+01
9.869187472137024741e+00
1.389137085809356620e+01
1.393673541167164665e+01
1.496708810386649269e+01
1.522549379502756750e+01
1.660730317780826226e+01
1.055092437475416745e+01
1.236528417797599744e+01
1.271233603709066173e+01
1.405601571180262788e+01
1.429540644577568820e+01
1.469516713356242477e+01
9.800000000000000711e+00
1.572631313989722202e+01
1.723920865818611503e+01
1.735086868178303021e+01
1.283180833601421078e+01
1.370046781678607140e+01
1.796834456029332472e+01
1.480685829819931598e+01
1.362561175834862226e+01
1.351883345196696595e+01
1.440965333237142154e+01
1.454822660613749186e+01
1.491088486310378691e+01
1.168913626231520730e+01
1.545825142296711263e+01
1.543995041336023277e+01
1.447153712776389511e+01
1.560724192495232820e+01
1.206835382438507054e+01
1.570309750243302815e+01
1.528989357277122529e+01
1.365243787312731527e+01
1.304682411994866698e+01
1.171508738908605807e+01
1.502668286238484008e+01
1.635179145482177177e+01
1.512188918674637783e+01
1.287673413828759195e+01
9.800000000000000711e+00
1.036409714693248674e+01
1.352414203074351740e+01
1.666468114012089430e+01
1.160476812696957793e+01
1.246981240634123900e+01
1.330930159533054358e+01
1.381036645204186364e+01
1.440565308945479650e+01
1.472420932058676435e+01
1.542820220025533473e+01
2.007216009201823681e+01
1.388854079331061975e+01
1.418199693362638847e+01
1.383357190754991706e+01
1.652047526308962944e+01
1.746148459965689526e+01
1.444317303173049361e+01
1.651452254552043541e+01
1.514968185993132721e+01
1.162091497563314846e+01
1.392588812404238752e+01
1.246060943599859350e+01
1.499189217444549627e+01
1.561217338629523965e+01
1.424199847150505605e+01
1.239240055957348119e+01
1.095884148557850502e+01
1.225724667967894277e+01
1.110152879082705013e+01
1.176110660936922159e+01
1.014691997259303591e+01
1.455835990575930339e+01
1.428834352723661816e+01
1.314215662075893754e+01
1.450178339929922444e+01
1.541458177713156630e+01
1.418065480458734129e+01
